0.0815873
0.0069231
0.00426969
0.000451943
0.000486271
0.000530017
0.00187633
0.00266692
0.00250679
0.00267557
0.0031807
0.00347247
0.00362257
0.00543038
0.00745957
0.00906995
0.0105771
0.0122275
0.0135867
0.014812
0.0160823
0.0172257
0.0183958
0.0192743
0.0201665
0.0207889
0.0214411
0.0220138
0.0224694
0.0228232
0.0231397
0.0233743
0.0235265
0.0236276
0.0236767
0.0236719
0.0236177
0.0234934
0.0233086
0.0230472
0.0227601
0.0224586
0.0221118
0.0216978
0.0211639
0.0205793
0.0200271
0.019469
0.0189605
0.0183921
0.0176768
0.0169636


