0.970456
0.959999
0.210895
0.135221
0.100923
0.0416536
0.0155614
0.00795945
0.00497297
0.00356271
0.0026787
0.00215718
0.0017535
0.00147294
0.00126109
0.00112376
0.00101242
0.000905484
0.000826274
0.000760109
0.000695905
0.000641088
0.000587459
0.00054812
0.000508654
0.00048083
0.000451041
0.000423822
0.000400774
0.000381238
0.000361565
0.000344264
0.000330002
0.000316477
0.0003034
0.000292686
0.000281902
0.000270233
0.000259613
0.000249176
0.000240588
0.000233381
0.000226534
0.000219705
0.000212344
0.000205582
0.000200107
0.000195257
0.000191325
0.00018738
0.000182954
0.000179039


